20 5
40 10
60 13
80 22
100 27
120 41
140 48
160 51
180 57
200 64
220 77
240 81
260 88
280 95
300 102
320 107
340 116
360 140
380 174
400 210
420 226
440 236
460 245
480 266
500 290
520 312
540 328
560 336
580 345
600 354
620 368
640 392
660 407
680 412
700 424
720 446
740 459
760 463
780 475
800 479
820 482
840 488
860 508
880 542
900 554
920 584
940 604
960 618
980 644
1000 656
1020 669
1040 688
1060 706
1080 737
1100 767
1120 794
1140 837
1160 861
1180 890
1200 906
1220 917
1240 920
1260 930
1280 960
1300 973
1320 988
1340 1008
1360 1050
1380 1087
1400 1100
1420 1116
1440 1128
1460 1138
1480 1153
1500 1163
1520 1199
1540 1220
1560 1262
1580 1273
1600 1321
1620 1348
1640 1355
1660 1361
1680 1368
1700 1380
1720 1387
1740 1391
1760 1394
1780 1397
1800 1399
1820 1403
1840 1414
1860 1426
1880 1434
1900 1445
1920 1453
1940 1458
1960 1479
1980 1540
2000 1575
2020 1599
2040 1617
2060 1624
2080 1630
2100 1639
2120 1646
2140 1651
2160 1655
2180 1663
2200 1679
2220 1691
2240 1706
2260 1755
2280 1790
2300 1811
2320 1816
2340 1816
2360 1816
2380 1819
2400 1822
2420 1825
2440 1829
2460 1832
2480 1848
2500 1852
2520 1862
2540 1873
2560 1876
2580 1878
2600 1880
2620 1884
2640 1888
2660 1897
2680 1897
2700 1911
2720 1920
2740 1932
2760 1959
2780 1967
2800 1970
2820 1978
2840 1986
2860 1990
2880 1996
2900 1999
2920 2000
2940 2007
2960 2010
2980 2020
3000 2024
3020 2026
3040 2029
3060 2032
3080 2039
3100 2054
3120 2060
3140 2067
3160 2080
3180 2083
3200 2100
3220 2117
3240 2123
3260 2135
3280 2137
3300 2143
3320 2148
3340 2156
3360 2167
3380 2177
3400 2197
3420 2233
3440 2250
3460 2278
3480 2295
3500 2305
3520 2326
3540 2349
3560 2387
3580 2432
3600 2464
