20 5
40 10
60 13
80 24
100 48
120 69
140 75
160 94
180 132
200 146
220 152
240 156
260 166
280 171
300 200
320 260
340 288
360 301
380 327
400 345
420 355
440 359
460 372
480 375
500 385
520 401
540 414
560 427
580 439
600 457
620 470
640 472
660 489
680 503
700 514
720 528
740 540
760 549
780 564
800 576
820 583
840 590
860 609
880 621
900 639
920 660
940 677
960 688
980 706
1000 729
1020 772
1040 793
1060 804
1080 812
1100 825
1120 833
1140 847
1160 861
1180 867
1200 872
1220 876
1240 890
1260 904
1280 924
1300 1013
1320 1102
1340 1193
1360 1226
1380 1233
1400 1233
1420 1239
1440 1248
1460 1251
1480 1256
1500 1260
1520 1271
1540 1276
1560 1288
1580 1298
1600 1310
1620 1335
1640 1368
1660 1401
1680 1418
1700 1430
1720 1436
1740 1444
1760 1446
1780 1459
1800 1466
1820 1470
1840 1475
1860 1482
1880 1496
1900 1545
1920 1588
1940 1627
1960 1645
1980 1651
2000 1653
2020 1657
2040 1660
2060 1665
2080 1676
2100 1682
2120 1693
2140 1697
2160 1700
2180 1703
2200 1706
2220 1713
2240 1720
2260 1727
2280 1779
2300 1835
2320 1900
2340 1932
2360 1942
2380 1949
2400 1954
2420 1967
2440 1980
2460 1989
2480 1994
2500 2001
2520 2013
2540 2020
2560 2028
2580 2048
2600 2066
2620 2080
2640 2085
2660 2094
2680 2102
2700 2113
2720 2119
2740 2124
2760 2131
2780 2139
2800 2144
2820 2148
2840 2156
2860 2177
2880 2205
2900 2224
2920 2242
2940 2250
2960 2274
2980 2309
3000 2339
3020 2376
3040 2400
3060 2435
3080 2486
3100 2538
3120 2582
3140 2591
3160 2596
3180 2601
3200 2604
3220 2612
3240 2622
3260 2632
3280 2641
3300 2653
3320 2673
3340 2693
3360 2744
3380 2823
3400 2910
3420 2965
3440 2982
3460 2994
3480 3020
3500 3053
3520 3098
3540 3128
3560 3172
3580 3220
3600 3255
